1 2 259
1 3 60
1 4 243
1 5 251
1 6 283
1 7 138
1 8 189
1 9 244
1 10 296
1 11 215
1 12 297
1 13 167
1 14 297
1 15 297
3 1 58
3 2 176
3 4 25
3 5 116
3 6 161
3 7 137
3 8 281
3 9 47
3 10 167
3 11 149
3 12 18
3 13 162
3 14 85
3 15 132
2 1 68
2 3 250
2 4 118
2 5 63
2 6 296
2 7 27
2 8 68
2 9 237
2 10 113
2 11 75
2 12 12
2 13 47
2 14 70
2 15 26
5 1 133
5 2 7
5 3 53
5 4 258
5 6 81
5 7 258
5 8 267
5 9 287
5 10 229
5 11 300
5 12 140
5 13 281
5 14 193
5 15 97
4 1 7
4 2 255
4 3 219
4 5 242
4 6 299
4 7 199
4 8 47
4 9 145
4 10 166
4 11 108
4 12 272
4 13 241
4 14 160
4 15 45
7 1 64
7 2 151
7 3 93
7 4 208
7 5 129
7 6 45
7 8 85
7 9 28
7 10 266
7 11 146
7 12 250
7 13 215
7 14 129
7 15 77
6 1 137
6 2 75
6 3 274
6 4 70
6 5 134
6 7 59
6 8 159
6 9 158
6 10 155
6 11 184
6 12 279
6 13 87
6 14 62
6 15 74
9 1 28
9 2 59
9 3 102
9 4 14
9 5 79
9 6 44
9 7 286
9 8 256
9 10 214
9 11 78
9 12 128
9 13 21
9 14 197
9 15 239
8 1 118
8 2 150
8 3 52
8 4 168
8 5 234
8 6 23
8 7 103
8 9 203
8 10 20
8 11 213
8 12 68
8 13 134
8 14 71
8 15 173
11 1 46
11 2 249
11 3 241
11 4 261
11 5 267
11 6 4
11 7 88
11 8 182
11 9 66
11 10 18
11 12 283
11 13 130
11 14 293
11 15 200
10 1 273
10 2 177
10 3 196
10 4 99
10 5 56
10 6 172
10 7 103
10 8 201
10 9 9
10 11 2
10 12 54
10 13 106
10 14 84
10 15 168
13 1 277
13 2 26
13 3 55
13 4 213
13 5 174
13 6 152
13 7 274
13 8 87
13 9 21
13 10 37
13 11 254
13 12 297
13 14 274
13 15 203
12 1 21
12 2 147
12 3 191
12 4 299
12 5 185
12 6 269
12 7 221
12 8 24
12 9 9
12 10 167
12 11 28
12 13 235
12 14 45
12 15 102
15 1 270
15 2 106
15 3 217
15 4 85
15 5 297
15 6 243
15 7 284
15 8 141
15 9 17
15 10 158
15 11 208
15 12 46
15 13 222
15 14 80
14 1 219
14 2 153
14 3 229
14 4 264
14 5 120
14 6 242
14 7 139
14 8 117
14 9 50
14 10 162
14 11 45
14 12 75
14 13 181
14 15 149
